(2100524, 0, 200102, 499272, 300626, 0)
(2200646, 40031, 199747, 369927, 300135, 90160)
(2276801, 57390, 180543, 298743, 316739, 139028)
(2336077, 63738, 159866, 259565, 330390, 170741)
(2384194, 64003, 143483, 235619, 342377, 192147)
(2422786, 62426, 130836, 220188, 351545, 207717)
(2454703, 59847, 121642, 209558, 359261, 219071)
(2481331, 57308, 113900, 202878, 364716, 228197)
(2504062, 54477, 108190, 197682, 369917, 235025)
(2523795, 52684, 103160, 193659, 374039, 240867)
(2540138, 50333, 99853, 191042, 376991, 245487)
(2555300, 48911, 96961, 188088, 380270, 249410)
(2567783, 47271, 94881, 186104, 382505, 252707)
(2579282, 46091, 92509, 185209, 384766, 255116)
(2589770, 45086, 90789, 183451, 386619, 257839)
(2598545, 43999, 89093, 182992, 388496, 259425)
(2606503, 43258, 88448, 181686, 389618, 261422)
(2613645, 42493, 87106, 181845, 390318, 262950)
(2619565, 42021, 86215, 180995, 392066, 263743)
(2625878, 41303, 85573, 181344, 391422, 265763)
(2631183, 40286, 85244, 180008, 394085, 265895)
(2635139, 40282, 83952, 180583, 394671, 266437)
(2639346, 39453, 83769, 180424, 395574, 266879)
(2642220, 39304, 83494, 180792, 395201, 267688)
(2645344, 39033, 83335, 180130, 396157, 268109)
(2648829, 38652, 82895, 179905, 396295, 269082)
(2650726, 38524, 82380, 180082, 397158, 268922)
(2653091, 38313, 82186, 179668, 397357, 269605)
(2655965, 38118, 81671, 179455, 398130, 269915)
(2657841, 37998, 81614, 179495, 398132, 270332)
(2659732, 37639, 81803, 179481, 398513, 270416)
(2661835, 37584, 81614, 179419, 398659, 270811)
(2664338, 37269, 81950, 179253, 397983, 271847)
(2665447, 37516, 81189, 179418, 399532, 270955)
(2668109, 37104, 81249, 179963, 398588, 271933)
(2668374, 36969, 81728, 179437, 399398, 271489)
(2669715, 36913, 81431, 179841, 399591, 271459)
(2672164, 37074, 80918, 179182, 399829, 272299)
(2672659, 36915, 80874, 179156, 400359, 272033)
(2674852, 36741, 80818, 178556, 400410, 272852)
(2674869, 36586, 80641, 179154, 400817, 272243)
(2676223, 36566, 80520, 179430, 400031, 272987)
(2677359, 36229, 80981, 178586, 400270, 273432)
(2676986, 36666, 80589, 178334, 401284, 272799)
(2679380, 36320, 80202, 178789, 400435, 273950)
(2680064, 36070, 80214, 178800, 400769, 273835)
(2680088, 36240, 80137, 179104, 401071, 273405)
(2680181, 36311, 80323, 178778, 401212, 273380)
(2680098, 36363, 80475, 178740, 400684, 273720)
(2680575, 36185, 80028, 178998, 400747, 273814)
(2680493, 36369, 80513, 178866, 400753, 273644)
(2680019, 36279, 80320, 178959, 401187, 273245)
(2681326, 36319, 80485, 178791, 400794, 273831)
(2682360, 36114, 80190, 178888, 401080, 273881)
(2681949, 35909, 80298, 179450, 400583, 273894)
(2683057, 35945, 80511, 178665, 400786, 274328)
(2683854, 36166, 80058, 178152, 401669, 274234)
(2684596, 36294, 79469, 178640, 401552, 274362)
(2686229, 35827, 80105, 177898, 402492, 274180)
(2686494, 35969, 79387, 178585, 402593, 273974)
(2686365, 35809, 79457, 178824, 402163, 274095)
(2686664, 35686, 79447, 178554, 402127, 274430)
(2686618, 35845, 79386, 178450, 402662, 274065)
(2687097, 35805, 79557, 179149, 401817, 274356)
(2685833, 36056, 79971, 178676, 401809, 274169)
(2686473, 35880, 80283, 178037, 401486, 274891)
(2685995, 35876, 80350, 178905, 400666, 274888)
(2685379, 35763, 79903, 179101, 401635, 274094)
(2685527, 35955, 79865, 178886, 401133, 274639)
(2685393, 35995, 80054, 178713, 402263, 273724)
(2685810, 35842, 80048, 179138, 401358, 274281)
(2685422, 36092, 80234, 179179, 401196, 274192)
(2685630, 35653, 80324, 178741, 402344, 273594)
(2686321, 35658, 79891, 178936, 401951, 274108)
(2686636, 36005, 79853, 178529, 402409, 273989)
________ and for 1,3,6;3,3,4
(2199855, 0, 100261, 599623, 300116, 0)
(2399347, 10160, 120302, 419488, 360131, 89919)
(2546904, 17501, 113379, 316490, 405020, 146619)
(2657715, 20894, 99838, 255174, 437154, 184619)
(2742166, 21956, 86538, 216669, 459975, 211496)
(2807412, 21150, 75295, 191172, 477932, 230182)
(2857653, 19848, 66199, 174407, 490477, 244202)
(2897618, 18218, 59228, 162525, 500303, 254619)
(2929310, 16808, 52987, 153954, 509271, 261737)
(2954879, 15455, 48408, 148047, 514759, 268125)
(2976612, 14353, 44603, 143203, 519501, 273343)
(2992499, 13204, 41833, 140152, 523509, 276490)
(3007240, 12149, 39901, 137187, 525935, 280263)
(3019204, 11491, 37718, 134744, 529195, 282527)
(3029906, 10794, 36241, 132991, 530861, 285106)
(3037883, 10089, 35158, 131570, 532619, 286714)
(3044414, 9578, 34266, 130647, 533822, 288062)
(3048669, 9237, 33479, 129970, 535869, 288056)
(3053699, 8945, 32854, 129015, 536789, 289194)
(3057282, 8395, 32691, 128867, 536651, 290279)
(3059756, 8146, 31956, 128986, 537648, 290233)
(3063355, 7976, 31470, 128265, 538340, 291050)
(3066234, 7800, 30850, 127836, 539266, 291425)
(3068614, 7494, 30855, 127618, 538753, 292501)
(3070004, 7465, 30455, 127273, 539700, 292391)
(3071343, 7473, 30342, 127054, 539910, 292657)
(3073874, 7298, 30245, 126390, 539989, 293564)
(3074318, 7379, 29880, 126413, 540736, 293174)
(3074016, 7208, 29763, 126902, 541120, 292585)
(3075782, 7109, 29706, 126883, 540233, 293701)
(3075541, 6949, 29855, 126692, 541187, 292969)
(3076389, 7037, 29873, 126412, 540782, 293604)
(3077419, 7008, 29587, 126309, 541204, 293655)
(3078105, 6996, 29560, 126147, 541259, 293852)
(3078002, 7037, 29556, 125886, 541722, 293606)
(3077829, 6939, 29568, 126455, 540938, 293873)
(3078316, 6933, 29362, 126502, 541053, 293933)
(3078394, 6978, 29169, 126485, 541457, 293704)
(3078750, 6884, 29545, 125804, 541953, 293657)
(3079775, 6799, 29351, 125478, 542302, 293868)
(3080053, 6759, 29193, 126172, 541419, 294281)
(3079911, 6910, 29171, 125896, 541838, 294063)
(3081295, 6898, 29115, 125418, 541634, 294813)
(3080819, 6907, 29265, 125873, 540600, 295209)
(3079406, 6883, 29474, 125907, 541539, 294075)
(3078330, 6918, 29607, 125986, 542067, 293327)
(3079012, 6829, 29520, 126378, 541418, 293794)
(3079345, 6753, 29552, 126116, 541565, 293905)
(3079583, 6729, 29494, 125907, 541914, 293831)
(3078636, 6684, 29531, 126354, 542178, 293152)
(3078267, 6953, 29314, 126617, 541727, 293317)
(3078689, 6881, 29581, 126545, 540959, 293964)
(3078234, 6923, 29495, 126888, 540833, 293790)
(3078187, 6973, 29752, 126148, 541438, 293630)
(3079500, 6835, 29265, 125926, 542374, 293493)
(3080688, 6848, 29003, 125970, 541458, 294548)
(3080619, 6877, 29228, 125943, 540937, 294875)
(3080631, 6896, 29261, 125548, 541597, 294567)
(3080144, 6830, 29207, 125419, 542549, 293819)
(3081444, 6900, 29137, 125435, 541233, 295131)
(3081308, 6981, 29093, 125592, 541319, 294945)
(3080944, 6964, 29018, 125808, 541522, 294611)
(3080878, 6836, 29321, 125530, 541750, 294488)
(3080499, 6893, 29275, 125534, 542053, 294172)
(3080715, 6850, 29048, 125608, 542467, 293941)
(3079964, 6875, 29165, 125815, 542464, 293617)
(3081038, 6821, 29207, 126245, 540512, 295130)
(3080232, 6876, 29289, 125728, 542021, 294033)
(3080871, 6876, 28972, 126477, 540914, 294726)
(3080199, 6764, 29230, 125986, 541897, 294017)
(3079830, 6769, 29425, 125867, 541975, 293880)
(3079850, 6788, 29279, 126122, 541471, 294191)
(3079779, 6864, 29154, 126017, 542008, 293842)
(3079389, 6880, 29092, 126204, 542180, 293527)
(3080037, 6817, 29084, 126109, 542064, 293819)