all, 415
2100524
2200646
2276801
2336077
2384194
2422786
2454703
2481331
2504062
2523795
2540138
2555300
2567783
2579282
2589770
2598545
2606503
2613645
2619565
2625878
2631183
2635139
2639346
2642220
2645344
2648829
2650726
2653091
2655965
2657841
2659732
2661835
2664338
2665447
2668109
2668374
2669715
2672164
2672659
2674852
2674869
2676223
2677359
2676986
2679380
2680064
2680088
2680181
2680098
2680575
2680493
2680019
2681326
2682360
2681949
2683057
2683854
2684596
2686229
2686494
2686365
2686664
2686618
2687097
2685833
2686473
2685995
2685379
2685527
2685393
2685810
2685422
2685630
2686321
2686636

0 415
0
40031
57390
63738
64003
62426
59847
57308
54477
52684
50333
48911
47271
46091
45086
43999
43258
42493
42021
41303
40286
40282
39453
39304
39033
38652
38524
38313
38118
37998
37639
37584
37269
37516
37104
36969
36913
37074
36915
36741
36586
36566
36229
36666
36320
36070
36240
36311
36363
36185
36369
36279
36319
36114
35909
35945
36166
36294
35827
35969
35809
35686
35845
35805
36056
35880
35876
35763
35955
35995
35842
36092
35653
35658
36005

1 415
200102
199747
180543
159866
143483
130836
121642
113900
108190
103160
99853
96961
94881
92509
90789
89093
88448
87106
86215
85573
85244
83952
83769
83494
83335
82895
82380
82186
81671
81614
81803
81614
81950
81189
81249
81728
81431
80918
80874
80818
80641
80520
80981
80589
80202
80214
80137
80323
80475
80028
80513
80320
80485
80190
80298
80511
80058
79469
80105
79387
79457
79447
79386
79557
79971
80283
80350
79903
79865
80054
80048
80234
80324
79891
79853

2 415
499272
369927
298743
259565
235619
220188
209558
202878
197682
193659
191042
188088
186104
185209
183451
182992
181686
181845
180995
181344
180008
180583
180424
180792
180130
179905
180082
179668
179455
179495
179481
179419
179253
179418
179963
179437
179841
179182
179156
178556
179154
179430
178586
178334
178789
178800
179104
178778
178740
178998
178866
178959
178791
178888
179450
178665
178152
178640
177898
178585
178824
178554
178450
179149
178676
178037
178905
179101
178886
178713
179138
179179
178741
178936
178529

3 415
300626
300135
316739
330390
342377
351545
359261
364716
369917
374039
376991
380270
382505
384766
386619
388496
389618
390318
392066
391422
394085
394671
395574
395201
396157
396295
397158
397357
398130
398132
398513
398659
397983
399532
398588
399398
399591
399829
400359
400410
400817
400031
400270
401284
400435
400769
401071
401212
400684
400747
400753
401187
400794
401080
400583
400786
401669
401552
402492
402593
402163
402127
402662
401817
401809
401486
400666
401635
401133
402263
401358
401196
402344
401951
402409

4 415
0
90160
139028
170741
192147
207717
219071
228197
235025
240867
245487
249410
252707
255116
257839
259425
261422
262950
263743
265763
265895
266437
266879
267688
268109
269082
268922
269605
269915
270332
270416
270811
271847
270955
271933
271489
271459
272299
272033
272852
272243
272987
273432
272799
273950
273835
273405
273380
273720
273814
273644
273245
273831
273881
273894
274328
274234
274362
274180
273974
274095
274430
274065
274356
274169
274891
274888
274094
274639
273724
274281
274192
273594
274108
273989







all 334
2199855
2399347
2546904
2657715
2742166
2807412
2857653
2897618
2929310
2954879
2976612
2992499
3007240
3019204
3029906
3037883
3044414
3048669
3053699
3057282
3059756
3063355
3066234
3068614
3070004
3071343
3073874
3074318
3074016
3075782
3075541
3076389
3077419
3078105
3078002
3077829
3078316
3078394
3078750
3079775
3080053
3079911
3081295
3080819
3079406
3078330
3079012
3079345
3079583
3078636
3078267
3078689
3078234
3078187
3079500
3080688
3080619
3080631
3080144
3081444
3081308
3080944
3080878
3080499
3080715
3079964
3081038
3080232
3080871
3080199
3079830
3079850
3079779
3079389
3080037

0 334
0
10160
17501
20894
21956
21150
19848
18218
16808
15455
14353
13204
12149
11491
10794
10089
9578
9237
8945
8395
8146
7976
7800
7494
7465
7473
7298
7379
7208
7109
6949
7037
7008
6996
7037
6939
6933
6978
6884
6799
6759
6910
6898
6907
6883
6918
6829
6753
6729
6684
6953
6881
6923
6973
6835
6848
6877
6896
6830
6900
6981
6964
6836
6893
6850
6875
6821
6876
6876
6764
6769
6788
6864
6880
6817

1 334
100261
120302
113379
99838
86538
75295
66199
59228
52987
48408
44603
41833
39901
37718
36241
35158
34266
33479
32854
32691
31956
31470
30850
30855
30455
30342
30245
29880
29763
29706
29855
29873
29587
29560
29556
29568
29362
29169
29545
29351
29193
29171
29115
29265
29474
29607
29520
29552
29494
29531
29314
29581
29495
29752
29265
29003
29228
29261
29207
29137
29093
29018
29321
29275
29048
29165
29207
29289
28972
29230
29425
29279
29154
29092
29084

2 334
599623
419488
316490
255174
216669
191172
174407
162525
153954
148047
143203
140152
137187
134744
132991
131570
130647
129970
129015
128867
128986
128265
127836
127618
127273
127054
126390
126413
126902
126883
126692
126412
126309
126147
125886
126455
126502
126485
125804
125478
126172
125896
125418
125873
125907
125986
126378
126116
125907
126354
126617
126545
126888
126148
125926
125970
125943
125548
125419
125435
125592
125808
125530
125534
125608
125815
126245
125728
126477
125986
125867
126122
126017
126204
126109

3 334
300116
360131
405020
437154
459975
477932
490477
500303
509271
514759
519501
523509
525935
529195
530861
532619
533822
535869
536789
536651
537648
538340
539266
538753
539700
539910
539989
540736
541120
540233
541187
540782
541204
541259
541722
540938
541053
541457
541953
542302
541419
541838
541634
540600
541539
542067
541418
541565
541914
542178
541727
540959
540833
541438
542374
541458
540937
541597
542549
541233
541319
541522
541750
542053
542467
542464
540512
542021
540914
541897
541975
541471
542008
542180
542064

4 334
0
89919
146619
184619
211496
230182
244202
254619
261737
268125
273343
276490
280263
282527
285106
286714
288062
288056
289194
290279
290233
291050
291425
292501
292391
292657
293564
293174
292585
293701
292969
293604
293655
293852
293606
293873
293933
293704
293657
293868
294281
294063
294813
295209
294075
293327
293794
293905
293831
293152
293317
293964
293790
293630
293493
294548
294875
294567
293819
295131
294945
294611
294488
294172
293941
293617
295130
294033
294726
294017
293880
294191
293842
293527
293819